Best val accuracy : 98.14%  (epoch 61)
Training time     : 0.8 min

              precision    recall  f1-score   support

           0       0.94      1.00      0.97        29
           1       0.96      0.93      0.95        28
           2       0.96      0.96      0.96        24
           3       0.96      0.96      0.96        23
           4       0.96      0.96      0.96        28
           5       1.00      1.00      1.00        30
           6       1.00      1.00      1.00        30
           7       1.00      1.00      1.00        30
           8       1.00      1.00      1.00        30
           9       1.00      1.00      1.00        30
           A       1.00      1.00      1.00        30
           B       1.00      0.97      0.98        29
           C       1.00      1.00      1.00        30
           D       1.00      1.00      1.00        28
           E       0.96      1.00      0.98        27
           F       1.00      0.96      0.98        27
           G       1.00      1.00      1.00        30
           H       0.93      0.93      0.93        29
           I       0.97      1.00      0.98        30
           J       1.00      1.00      1.00        30
           K       1.00      1.00      1.00        30
           L       1.00      0.93      0.97        30
           M       0.93      0.93      0.93        30
           N       1.00      0.97      0.98        30
           O       1.00      1.00      1.00        30
           P       0.93      1.00      0.97        28
           Q       1.00      1.00      1.00        30
           R       0.97      1.00      0.98        29
           S       0.94      1.00      0.97        29
           T       0.92      0.92      0.92        24
           U       1.00      1.00      1.00        23
           V       1.00      1.00      1.00        29
           W       1.00      1.00      1.00        28
           X       1.00      0.86      0.93        22
           Y       1.00      1.00      1.00        30
           Z       1.00      1.00      1.00        28

    accuracy                           0.98      1022
   macro avg       0.98      0.98      0.98      1022
weighted avg       0.98      0.98      0.98      1022
